1774.21
1137.26
1035.96
1177.5
1277.56
1246.64
580.62
1262.44
846.9
992.8
1602.11
619.86
514.42
714.54
1662.99
732.94
1157.06
561.71
1505.93
1407.59
650.59
911.9
619.41
1571.41
954.4
1796.0
575.18
1436.49
971.01
1267.3
1530.58
1716.69
1622.72
1621.49
1516.73
645.36
1791.68
866.5
1263.89
1396.86
1202.28
937.97
1860.71
1133.35
1888.47
1220.36
534.22
1887.35
639.88
1625.37
744.83
1675.7
1268.94
653.47
1077.53
828.23
586.05
1130.69
703.21
809.54
802.89
582.89
810.67
1461.68
1456.64
589.7
1510.54
521.46
1109.96
802.56
726.43
991.25
1839.67
784.56
1519.63
1443.02
1976.44
1791.33
1624.91
1691.32
1210.23
1140.99
1291.64
1849.29
946.86
916.64
677.66
1712.99
1283.78
832.56
1691.37
1123.25
618.31
1302.25
1199.15
959.35
713.25
1435.28
1003.56
1218.6
